LATEST=5.25.0.10024
NIGHTLY=5.26.2.10098
