LATEST=6.0.4.10291
NIGHTLY=6.1.1.10317
