LATEST=5.24.1.10017
NIGHTLY=5.25.0.10018
