LATEST=5.27.5.10198
NIGHTLY=6.0.2.10261
