LATEST=5.24.1.10017
NIGHTLY=5.26.0.10025
