LATEST=6.1.1.10360
NIGHTLY=6.2.1.10437
