LATEST=6.1.1.10360
NIGHTLY=6.2.0.10401
