LATEST=5.25.0.10024
NIGHTLY=5.26.0.10025
