LATEST=5.25.0.10024
NIGHTLY=5.26.1.10074
