LATEST=6.1.1.10360
NIGHTLY=6.1.2.10361
