LATEST=6.3.0.10514
NIGHTLY=6.3.0.10518
