LATEST=5.26.2.10099
NIGHTLY=5.27.1.10122
