LATEST=5.25.0.10024
NIGHTLY=5.27.0.10101
