LATEST=5.28.0.10274
NIGHTLY=6.0.3.10273
