LATEST=5.28.0.10274
NIGHTLY=6.1.0.10293
