LATEST=6.2.1.10461
NIGHTLY=6.2.1.10448
