LATEST=6.0.4.10291
NIGHTLY=6.1.2.10359
