LATEST=5.27.5.10198
NIGHTLY=5.28.0.10199
